label	x	y	x-scaled	y-scaled
AF1	-0.1025	0.5139	-51.25	256.95
AF10	0.5878	0.809	293.9	404.5
AF10h	0.5021	0.691	251.05	345.5
AF1h	-0.0512	0.5105	-25.6	255.25
AF2	0.1025	0.5139	51.25	256.95
AF2h	0.0512	0.5105	25.6	255.25
AF3	-0.2067	0.5274	-103.35	263.7
AF3h	-0.1543	0.5194	-77.15	259.7
AF4	0.2067	0.5274	103.35	263.7
AF4h	0.1543	0.5194	77.15	259.7
AF5	-0.3143	0.5513	-157.15	275.65
AF5h	-0.26	0.5379	-130	268.95
AF6	0.3143	0.5513	157.15	275.65
AF6h	0.26	0.5379	130	268.95
AF7	-0.427	0.5879	-213.5	293.95
AF7h	-0.3699	0.5678	-184.95	283.9
AF8	0.427	0.5879	213.5	293.95
AF8h	0.3699	0.5678	184.95	283.9
AF9	-0.5878	0.809	-293.9	404.5
AF9h	-0.5021	0.691	-251.05	345.5
AFF1	-0.1207	0.4195	-60.35	209.75
AFF10	0.7071	0.7071	353.55	353.55
AFF10h	0.6039	0.6039	301.95	301.95
AFF1h	-0.0602	0.4155	-30.1	207.75
AFF2	0.1207	0.4195	60.35	209.75
AFF2h	0.0602	0.4155	30.1	207.75
AFF3	-0.2444	0.4361	-122.2	218.05
AFF3h	-0.182	0.4263	-91	213.15
AFF4	0.2444	0.4361	122.2	218.05
AFF4h	0.182	0.4263	91	213.15
AFF5	-0.3743	0.4661	-187.15	233.05
AFF5h	-0.3084	0.4493	-154.2	224.65
AFF6	0.3743	0.4661	187.15	233.05
AFF6h	0.3084	0.4493	154.2	224.65
AFF7	-0.5138	0.5138	-256.9	256.9
AFF7h	-0.4426	0.4874	-221.3	243.7
AFF8	0.5138	0.5138	256.9	256.9
AFF8h	0.4426	0.4874	221.3	243.7
AFF9	-0.7071	0.7071	-353.55	353.55
AFF9h	-0.6039	0.6039	-301.95	301.95
AFFz	0	0.4142	0	207.1
AFp1	-0.0803	0.6148	-40.15	307.4
AFp10	0.454	0.891	227	445.5
AFp10h	0.3878	0.761	193.9	380.5
AFp1h	-0.0401	0.6133	-20.05	306.65
AFp2	0.0803	0.6148	40.15	307.4
AFp2h	0.0401	0.6133	20.05	306.65
AFp3	-0.1615	0.621	-80.75	310.5
AFp3h	-0.1207	0.6174	-60.35	308.7
AFp4	0.1615	0.621	80.75	310.5
AFp4h	0.1207	0.6174	60.35	308.7
AFp5	-0.2443	0.6317	-122.15	315.85
AFp5h	-0.2027	0.6258	-101.35	312.9
AFp6	0.2443	0.6317	122.15	315.85
AFp6h	0.2027	0.6258	101.35	312.9
AFp7	-0.3299	0.6474	-164.95	323.7
AFp7h	-0.2867	0.6388	-143.35	319.4
AFp8	0.3299	0.6474	164.95	323.7
AFp8h	0.2867	0.6388	143.35	319.4
AFp9	-0.454	0.891	-227	445.5
AFp9h	-0.3878	0.761	-193.9	380.5
AFpz	0	0.6128	0	306.4
AFz	0	0.5095	0	254.75
C1	-0.1584	0	-79.2	0
C1h	-0.0787	0	-39.35	0
C2	0.1584	0	79.2	0
C2h	0.0787	0	39.35	0
C3	-0.3249	0	-162.45	0
C3h	-0.2401	0	-120.05	0
C4	0.3249	0	162.45	0
C4h	0.2401	0	120.05	0
C5	-0.5095	0	-254.75	0
C5h	-0.4142	0	-207.1	0
C6	0.5095	0	254.75	0
C6h	0.4142	0	207.1	0
CCP1	-0.157	-0.0804	-78.5	-40.2
CCP1h	-0.078	-0.0791	-39	-39.55
CCP2	0.157	-0.0804	78.5	-40.2
CCP2h	0.078	-0.0791	39	-39.55
CCP3	-0.3219	-0.0857	-160.95	-42.85
CCP3h	-0.2379	-0.0825	-118.95	-41.25
CCP4	0.3219	-0.0857	160.95	-42.85
CCP4h	0.2379	-0.0825	118.95	-41.25
CCP5	-0.5042	-0.096	-252.1	-48
CCP5h	-0.4102	-0.0901	-205.1	-45.05
CCP6	0.5042	-0.096	252.1	-48
CCP6h	0.4102	-0.0901	205.1	-45.05
CCPz	0	-0.0787	0	-39.35
CP1	-0.1527	-0.1616	-76.35	-80.8
CP1h	-0.0759	-0.1591	-37.95	-79.55
CP2	0.1527	-0.1616	76.35	-80.8
CP2h	0.0759	-0.1591	37.95	-79.55
CP3	-0.3126	-0.1718	-156.3	-85.9
CP3h	-0.2313	-0.1657	-115.65	-82.85
CP4	0.3126	-0.1718	156.3	-85.9
CP4h	0.2313	-0.1657	115.65	-82.85
CP5	-0.4881	-0.1912	-244.05	-95.6
CP5h	-0.3978	-0.1802	-198.9	-90.1
CP6	0.4881	-0.1912	244.05	-95.6
CP6h	0.3978	-0.1802	198.9	-90.1
CPP1	-0.1455	-0.2445	-72.75	-122.25
CPP1h	-0.0724	-0.2412	-36.2	-120.6
CPP2	0.1455	-0.2445	72.75	-122.25
CPP2h	0.0724	-0.2412	36.2	-120.6
CPP3	-0.2969	-0.2587	-148.45	-129.35
CPP3h	-0.22	-0.2503	-110	-125.15
CPP4	0.2969	-0.2587	148.45	-129.35
CPP4h	0.22	-0.2503	110	-125.15
CPP5	-0.4612	-0.2852	-230.6	-142.6
CPP5h	-0.377	-0.2702	-188.5	-135.1
CPP6	0.4612	-0.2852	230.6	-142.6
CPP6h	0.377	-0.2702	188.5	-135.1
CPPz	0	-0.2401	0	-120.05
CPz	0	-0.1584	0	-79.2
Cz	0	0	0	0
F1	-0.1349	0.3302	-67.45	165.1
F10	0.809	0.5878	404.5	293.9
F10h	0.691	0.5021	345.5	251.05
F1h	-0.0672	0.3262	-33.6	163.1
F2	0.1349	0.3302	67.45	165.1
F2h	0.0672	0.3262	33.6	163.1
F3	-0.2744	0.3467	-137.2	173.35
F3h	-0.2038	0.3369	-101.9	168.45
F4	0.2744	0.3467	137.2	173.35
F4h	0.2038	0.3369	101.9	168.45
F5	-0.4234	0.3771	-211.7	188.55
F5h	-0.3474	0.3599	-173.7	179.95
F6	0.4234	0.3771	211.7	188.55
F6h	0.3474	0.3599	173.7	179.95
F7	-0.5879	0.427	-293.95	213.5
F7h	-0.5032	0.3992	-251.6	199.6
F8	0.5879	0.427	293.95	213.5
F8h	0.5032	0.3992	251.6	199.6
F9	-0.809	0.5878	-404.5	293.9
F9h	-0.691	0.5021	-345.5	251.05
FC1	-0.1527	0.1616	-76.35	80.8
FC1h	-0.0759	0.1591	-37.95	79.55
FC2	0.1527	0.1616	76.35	80.8
FC2h	0.0759	0.1591	37.95	79.55
FC3	-0.3126	0.1718	-156.3	85.9
FC3h	-0.2313	0.1657	-115.65	82.85
FC4	0.3126	0.1718	156.3	85.9
FC4h	0.2313	0.1657	115.65	82.85
FC5	-0.4881	0.1912	-244.05	95.6
FC5h	-0.3978	0.1802	-198.9	90.1
FC6	0.4881	0.1912	244.05	95.6
FC6h	0.3978	0.1802	198.9	90.1
FCC1	-0.157	0.0804	-78.5	40.2
FCC1h	-0.078	0.0791	-39	39.55
FCC2	0.157	0.0804	78.5	40.2
FCC2h	0.078	0.0791	39	39.55
FCC3	-0.3219	0.0857	-160.95	42.85
FCC3h	-0.2379	0.0825	-118.95	41.25
FCC4	0.3219	0.0857	160.95	42.85
FCC4h	0.2379	0.0825	118.95	41.25
FCC5	-0.5042	0.096	-252.1	48
FCC5h	-0.4102	0.0901	-205.1	45.05
FCC6	0.5042	0.096	252.1	48
FCC6h	0.4102	0.0901	205.1	45.05
FCCz	0	0.0787	0	39.35
FCz	0	0.1584	0	79.2
FFC1	-0.1455	0.2445	-72.75	122.25
FFC1h	-0.0724	0.2412	-36.2	120.6
FFC2	0.1455	0.2445	72.75	122.25
FFC2h	0.0724	0.2412	36.2	120.6
FFC3	-0.2969	0.2587	-148.45	129.35
FFC3h	-0.22	0.2503	-110	125.15
FFC4	0.2969	0.2587	148.45	129.35
FFC4h	0.22	0.2503	110	125.15
FFC5	-0.4612	0.2852	-230.6	142.6
FFC5h	-0.377	0.2702	-188.5	135.1
FFC6	0.4612	0.2852	230.6	142.6
FFC6h	0.377	0.2702	188.5	135.1
FFCz	0	0.2401	0	120.05
FFT10	0.891	0.454	445.5	227
FFT10h	0.761	0.3878	380.5	193.9
FFT7	-0.6474	0.3299	-323.7	164.95
FFT7h	-0.5509	0.3048	-275.45	152.4
FFT8	0.6474	0.3299	323.7	164.95
FFT8h	0.5509	0.3048	275.45	152.4
FFT9	-0.891	0.454	-445.5	227
FFT9h	-0.761	0.3878	-380.5	193.9
FT10	0.9511	0.309	475.55	154.5
FT10h	0.8123	0.2639	406.15	131.95
FT7	-0.691	0.2245	-345.5	112.25
FT7h	-0.5852	0.2057	-292.6	102.85
FT8	0.691	0.2245	345.5	112.25
FT8h	0.5852	0.2057	292.6	102.85
FT9	-0.9511	0.309	-475.55	154.5
FT9h	-0.8123	0.2639	-406.15	131.95
FTT10	0.9877	0.1564	493.85	78.2
FTT10h	0.8436	0.1336	421.8	66.8
FTT7	-0.7176	0.1137	-358.8	56.85
FTT7h	-0.6059	0.1036	-302.95	51.8
FTT8	0.7176	0.1137	358.8	56.85
FTT8h	0.6059	0.1036	302.95	51.8
FTT9	-0.9877	0.1564	-493.85	78.2
FTT9h	-0.8436	0.1336	-421.8	66.8
Fp1	-0.2245	0.691	-112.25	345.5
Fp1h	-0.1137	0.7176	-56.85	358.8
Fp2	0.2245	0.691	112.25	345.5
Fp2h	0.1137	0.7176	56.85	358.8
Fpz	0	0.7266	0	363.3
Fz	0	0.3249	0	162.45
I1	-0.309	-0.9511	-154.5	-475.55
I1h	-0.1564	-0.9877	-78.2	-493.85
I2	0.309	-0.9511	154.5	-475.55
I2h	0.1564	-0.9877	78.2	-493.85
Iz	0	-1	0	-500
LPA	-1	0	-500	0
N1	-0.309	0.9511	-154.5	475.55
N1h	-0.1564	0.9877	-78.2	493.85
N2	0.309	0.9511	154.5	475.55
N2h	0.1564	0.9877	78.2	493.85
NAS	0	1	0	500
NFp1	-0.2639	0.8123	-131.95	406.15
NFp1h	-0.1336	0.8436	-66.8	421.8
NFp2	0.2639	0.8123	131.95	406.15
NFp2h	0.1336	0.8436	66.8	421.8
NFpz	0	0.8541	0	427.05
Nz	0	1	0	500
O1	-0.2245	-0.691	-112.25	-345.5
O1h	-0.1137	-0.7176	-56.85	-358.8
O2	0.2245	-0.691	112.25	-345.5
O2h	0.1137	-0.7176	56.85	-358.8
OI1	-0.2639	-0.8123	-131.95	-406.15
OI1h	-0.1336	-0.8436	-66.8	-421.8
OI2	0.2639	-0.8123	131.95	-406.15
OI2h	0.1336	-0.8436	66.8	-421.8
OIz	0	-0.8541	0	-427.05
Oz	0	-0.7266	0	-363.3
P1	-0.1349	-0.3302	-67.45	-165.1
P10	0.809	-0.5878	404.5	-293.9
P10h	0.691	-0.5021	345.5	-251.05
P1h	-0.0672	-0.3262	-33.6	-163.1
P2	0.1349	-0.3302	67.45	-165.1
P2h	0.0672	-0.3262	33.6	-163.1
P3	-0.2744	-0.3467	-137.2	-173.35
P3h	-0.2038	-0.3369	-101.9	-168.45
P4	0.2744	-0.3467	137.2	-173.35
P4h	0.2038	-0.3369	101.9	-168.45
P5	-0.4234	-0.3771	-211.7	-188.55
P5h	-0.3474	-0.3599	-173.7	-179.95
P6	0.4234	-0.3771	211.7	-188.55
P6h	0.3474	-0.3599	173.7	-179.95
P7	-0.5879	-0.427	-293.95	-213.5
P7h	-0.5032	-0.3992	-251.6	-199.6
P8	0.5879	-0.427	293.95	-213.5
P8h	0.5032	-0.3992	251.6	-199.6
P9	-0.809	-0.5878	-404.5	-293.9
P9h	-0.691	-0.5021	-345.5	-251.05
PO1	-0.1025	-0.5139	-51.25	-256.95
PO10	0.5878	-0.809	293.9	-404.5
PO10h	0.5021	-0.691	251.05	-345.5
PO1h	-0.0512	-0.5105	-25.6	-255.25
PO2	0.1025	-0.5139	51.25	-256.95
PO2h	0.0512	-0.5105	25.6	-255.25
PO3	-0.2067	-0.5274	-103.35	-263.7
PO3h	-0.1543	-0.5194	-77.15	-259.7
PO4	0.2067	-0.5274	103.35	-263.7
PO4h	0.1543	-0.5194	77.15	-259.7
PO5	-0.3143	-0.5513	-157.15	-275.65
PO5h	-0.26	-0.5379	-130	-268.95
PO6	0.3143	-0.5513	157.15	-275.65
PO6h	0.26	-0.5379	130	-268.95
PO7	-0.427	-0.5879	-213.5	-293.95
PO7h	-0.3699	-0.5678	-184.95	-283.9
PO8	0.427	-0.5879	213.5	-293.95
PO8h	0.3699	-0.5678	184.95	-283.9
PO9	-0.5878	-0.809	-293.9	-404.5
PO9h	-0.5021	-0.691	-251.05	-345.5
POO1	-0.0803	-0.6148	-40.15	-307.4
POO10	0.454	-0.891	227	-445.5
POO10h	0.3878	-0.761	193.9	-380.5
POO1h	-0.0401	-0.6133	-20.05	-306.65
POO2	0.0803	-0.6148	40.15	-307.4
POO2h	0.0401	-0.6133	20.05	-306.65
POO3	-0.1615	-0.621	-80.75	-310.5
POO3h	-0.1207	-0.6174	-60.35	-308.7
POO4	0.1615	-0.621	80.75	-310.5
POO4h	0.1207	-0.6174	60.35	-308.7
POO5	-0.2443	-0.6317	-122.15	-315.85
POO5h	-0.2027	-0.6258	-101.35	-312.9
POO6	0.2443	-0.6317	122.15	-315.85
POO6h	0.2027	-0.6258	101.35	-312.9
POO7	-0.3299	-0.6474	-164.95	-323.7
POO7h	-0.2867	-0.6388	-143.35	-319.4
POO8	0.3299	-0.6474	164.95	-323.7
POO8h	0.2867	-0.6388	143.35	-319.4
POO9	-0.454	-0.891	-227	-445.5
POO9h	-0.3878	-0.761	-193.9	-380.5
POOz	0	-0.6128	0	-306.4
POz	0	-0.5095	0	-254.75
PPO1	-0.1207	-0.4195	-60.35	-209.75
PPO10	0.7071	-0.7071	353.55	-353.55
PPO10h	0.6039	-0.6039	301.95	-301.95
PPO1h	-0.0602	-0.4155	-30.1	-207.75
PPO2	0.1207	-0.4195	60.35	-209.75
PPO2h	0.0602	-0.4155	30.1	-207.75
PPO3	-0.2444	-0.4361	-122.2	-218.05
PPO3h	-0.182	-0.4263	-91	-213.15
PPO4	0.2444	-0.4361	122.2	-218.05
PPO4h	0.182	-0.4263	91	-213.15
PPO5	-0.3743	-0.4661	-187.15	-233.05
PPO5h	-0.3084	-0.4493	-154.2	-224.65
PPO6	0.3743	-0.4661	187.15	-233.05
PPO6h	0.3084	-0.4493	154.2	-224.65
PPO7	-0.5138	-0.5138	-256.9	-256.9
PPO7h	-0.4426	-0.4874	-221.3	-243.7
PPO8	0.5138	-0.5138	256.9	-256.9
PPO8h	0.4426	-0.4874	221.3	-243.7
PPO9	-0.7071	-0.7071	-353.55	-353.55
PPO9h	-0.6039	-0.6039	-301.95	-301.95
PPOz	0	-0.4142	0	-207.1
Pz	0	-0.3249	0	-162.45
RPA	1	0	500	0
T10	1	0	500	0
T10h	0.8541	0	427.05	0
T7	-0.7266	0	-363.3	0
T7h	-0.6128	0	-306.4	0
T8	0.7266	0	363.3	0
T8h	0.6128	0	306.4	0
T9	-1	0	-500	0
T9h	-0.8541	0	-427.05	0
TP10	0.9511	-0.309	475.55	-154.5
TP10h	0.8123	-0.2639	406.15	-131.95
TP7	-0.691	-0.2245	-345.5	-112.25
TP7h	-0.5852	-0.2057	-292.6	-102.85
TP8	0.691	-0.2245	345.5	-112.25
TP8h	0.5852	-0.2057	292.6	-102.85
TP9	-0.9511	-0.309	-475.55	-154.5
TP9h	-0.8123	-0.2639	-406.15	-131.95
TPP10	0.891	-0.454	445.5	-227
TPP10h	0.761	-0.3878	380.5	-193.9
TPP7	-0.6474	-0.3299	-323.7	-164.95
TPP7h	-0.5509	-0.3048	-275.45	-152.4
TPP8	0.6474	-0.3299	323.7	-164.95
TPP8h	0.5509	-0.3048	275.45	-152.4
TPP9	-0.891	-0.454	-445.5	-227
TPP9h	-0.761	-0.3878	-380.5	-193.9
TTP10	0.9877	-0.1564	493.85	-78.2
TTP10h	0.8436	-0.1336	421.8	-66.8
TTP7	-0.7176	-0.1137	-358.8	-56.85
TTP7h	-0.6059	-0.1036	-302.95	-51.8
TTP8	0.7176	-0.1137	358.8	-56.85
TTP8h	0.6059	-0.1036	302.95	-51.8
TTP9	-0.9877	-0.1564	-493.85	-78.2
TTP9h	-0.8436	-0.1336	-421.8	-66.8
